16
20
10
5.659849265665569E-12
5.571699997620303E-12
1.8002948407198568E-4
1.800299134627092E-4
0.11639424194285938
0.1309656206645792
0.13096562068645035
0.13098660684472999
0.13098660684677838
0.13098660683861846
0.11796829574289566
0.11623549775940795
0.11623549730684031
1.3636749051915367E-11
2.7490293915834572E-11
2.888640146834619E-13
3.0092753679220156E-11
1.7999876729172672E-4
1.8029787972275777E-4
0.1177672801231363
0.13080657694757164
0.014592364901670301
2.098614923786691E-5
2.098615320450891E-5
5.623686289140128E-13
0.013018311090303013
0.014571114393848306
0.014751109536211525
0.13098420957237614
0.11623546617402716
2.1254119051301698E-5
2.2976532148737125E-11
4.046511340423058E-9
1.826603573197722E-4
0.13078562193001517
0.1307829291669235
0.013039297252090604
3.217946661282327E-11
1.1909750026035135E-11
1.7199907788738628E-13
2.1840964335194076E-11
4.0791768953366564E-11
1.6752474238434665E-12
3.6158756532734113E-9
0.013200734651456878
0.014748743008796908
0.117785872212563
2.580237647843797E-11
4.037427424346347E-9
0.12941521063001457
0.014589703275481524
2.0986181260453856E-5
2.0986181057298083E-5
1.4683474694883782E-11
2.308493106635043E-11
3.1461669909936363E-11
3.7031257770834454E-11
3.144560065827435E-11
4.889445112619964E-12
5.8266743292664356E-12
2.397711735835898E-6
0.013198340999038426
0.11778587580057963
7.357864720700524E-13
0.013020976715598974
0.12943619677404822
0.0015713921932247583
2.36830874972823E-11
3.4719808333232614E-11
2.5629084061614778E-11
2.398838402674236E-11
6.613468115566329E-12
2.289894337227627E-11
2.5063688801192706E-11
1.5775332949259624E-12
1.1792200076054046E-11
2.393668484244663E-6
1.8241998521011023E-4
0.13080421803509093
1.6412227501625443E-11
0.014751377492744456
0.1179656301412767
2.7401840712812724E-11
2.575457761887045E-11
1.2131485053150615E-11
4.400283259132503E-12
3.639584012495041E-11
2.8877496530003725E-11
2.9752181466134697E-12
1.8424022867479848E-11
3.431800465345388E-11
1.1672459520030592E-11
2.3936827377330507E-6
1.8238881271295684E-4
0.13080421845555162
1.2397858042329136E-11
0.014772363609574254
0.11623522936124778
9.237072874911926E-12
2.7555377112886307E-11
1.1259699440615451E-11
4.472559725009624E-12
1.8607318041190054E-11
2.4668633865146513E-11
1.5396995462146752E-11
3.97612400892484E-11
2.7432187561838325E-11
4.732965310206527E-13
2.3936934850631476E-6
1.823883864368225E-4
0.13080421844851395
0.11621421204211375
0.014772394802802345
0.11621424320820156
1.4815330021511254E-11
2.9569869578424794E-11
3.7026296316128424E-11
1.7498480728594935E-11
1.967335252208109E-11
3.7287256916943985E-11
2.5865343723857602E-11
2.4093859132815475E-11
1.7092918633860158E-11
2.416036995090047E-12
9.98636410840664E-13
1.8238837937880974E-4
0.014592400088206394
0.11621421205523956
0.01477239480411128
0.1162142120745703
2.3609538406719623E-11
5.871753825789427E-12
1.9983152894131596E-11
3.052078778238879E-11
3.0411437899331626E-11
1.9023785828418844E-11
1.1009432051942273E-11
8.721828123778034E-12
1.4209572188624324E-12
3.268750648973232E-11
2.06254544856802E-11
0.013219323113481713
0.01459240005828647
0.11621421206914116
0.014772394780432968
0.11621421205239867
2.7112788838198556E-11
3.4919510285344394E-11
1.0199684257375648E-11
9.103101053244548E-12
2.2678882443711354E-12
2.315453671403309E-12
2.7830011826996577E-11
1.399393525788548E-11
4.508301534984157E-12
3.374922722414878E-11
3.602474735506292E-11
0.013219323118757035
0.0015740578486128825
0.11621421205399762
0.13098660683368973
0.11621421205577369
2.3179400847558013E-11
5.538168933894029E-12
3.938499276696222E-12
3.166550185299728E-11
1.3544442493229147E-11
1.5054825401054438E-11
2.9738788449983793E-12
3.943893306304109E-11
6.197173676114236E-12
1.1493056220510479E-11
1.3931106586143109E-11
0.0132193231308621
0.11796826457627838
0.11621660572160078
0.1309866068298117
2.264653260693828E-11
9.245956862192078E-12
2.452370814991241E-11
3.801969840215753E-11
2.2047160368296455E-11
3.001180367480138E-11
6.298653179306272E-12
4.0585042279400466E-11
3.189575705262705E-11
3.8632586576096495E-12
2.307204662101478E-11
2.8559398463430627E-11
0.013018342242773172
0.13098418197882566
0.013020704740353788
0.13098660681774243
3.218582493151485E-11
3.587427926004818E-11
3.0781854929098014E-11
3.985728536335854E-11
1.9257233159309104E-12
1.7694517081774347E-11
7.66432821203379E-12
4.03736667763156E-11
9.968794647281249E-12
2.1877265428128552E-11
3.6887179981960666E-11
3.811880343487392E-11
0.014569016238396439
0.1309841819865391
1.8265635352320475E-4
0.1309866068306133
2.1254132131140824E-5
1.3406441342759077E-11
2.9166879416407414E-11
2.7106854301621365E-11
2.338638955344138E-11
1.869467049471483E-11
1.839742860442998E-11
3.9068327536649744E-11
3.759827769978859E-11
7.302808889006977E-12
1.2901205370797198E-11
2.1178465601934444E-11
0.013039600365219787
0.13098630770375788
1.826563302935506E-4
0.1309653527405664
0.001574084970217155
2.0986178000893307E-5
2.239065197788541E-11
2.2024081660725354E-11
6.927938672765774E-12
5.728451426627636E-12
3.242897214484309E-12
2.5931313587183418E-11
2.6265156865574843E-11
9.631780300010138E-13
1.8953643427555586E-11
1.829555415429287E-12
0.0130393324236302
0.13078532283229544
1.8026266507285306E-4
0.1294125218633312
0.0015531024426524928
0.0015737858676112431
3.013450228552117E-11
2.8705236678775858E-11
3.7883536261571313E-11
2.7392084467216305E-11
2.360052117026604E-11
3.108272680090765E-11
7.309223884266474E-13
3.0899151237459106E-11
3.49057183539684E-11
3.4784494902347674E-8
0.0015738210719300817
0.1309653175441872
2.679880398610035E-7
0.12941251824283098
3.0273462634167685E-7
0.001553102430838467
0.0015738170322371317
2.1017324099935883E-5
3.5781324869387174E-11
9.256661573486875E-12
3.0909522316501606E-11
1.5578185321732512E-11
2.956660909222212E-11
3.119927531664023E-8
0.001550440838711223
0.0015528349109252685
0.1177879983300508
0.12941278577868737
2.679710174974864E-7
0.12941251824659225
1.799951723812784E-4
2.679857665422108E-7
0.00155307128782126
0.001571691320572358
2.1285264993005407E-5
2.1017321869828244E-5
2.098618756999573E-5
2.101734662751004E-5
2.1020912690760078E-5
0.0015716953179956484
0.1177858762180507
0.11623786025382966
1.8026267216871442E-4
0.013198305815625398
3.1519550670443364E-11
0.013018311071777087
0.1294125182537711
0.12941251827766512
0.12941491511859846
0.0017327980394186285
0.0015530712791242643
0.0015531024236425215
0.0015740885645648618
0.11778830064003291
0.1179472780306716
0.1163968687890307
0.11639660044018016
0.013200699472839826
0.013198305786608577
0.01301831107066868
1.4703489602520875E-11
3.178987989545415E-11
1.5759270277229247E-11
4.5618226120391057E-10
0.11621421246467568
0.129412518263785
0.12941251825620878
0.1294127862138734
0.12941278620699861
0.12941251826392228
0.01319830623628672
0.01301831108393253
0.013018311105967148
1.8961412163479956E-11
9.208803074220243E-12
2.1794455810236127E-11
2.2771160855342203E-11
0
7.646346571715944E-11
2.4787781081427338E-8
0.012847293766898483
0.014248049778423998
0.1307176727991835
0.13073438031922102
0.13073623752296554
0.13073623744055282
0.1307362375490432
0.13073623741725873
0.1307362373904896
0.13073623740234552
0.11788896868999282
0.1177337873210895
0.11773357849127546
4.6454617072617845E-11
0.1163161174529924
0.11631611742345213
0.13058082502016585
0.11773376266603523
0.11648818777958019
1.8564714522465938E-5
1.857194327534499E-6
2.4457900793301765E-10
6.258771594537126E-11
1.9581533979680458E-10
9.772178676423198E-11
1.4203344222550025E-10
0.013002450325097597
0.013002659106669806
0.11773378469974247
8.654198836574804E-11
0.12916338623710089
0.014264938818864202
0.014264938774599589
1.5518159925692975E-4
1.8572073201806044E-6
1.2799206434394058E-10
4.968638726001428E-11
2.2300603059614256E-10
1.787984540165348E-10
3.8633949604749825E-11
2.2440559399011192E-10
7.382312167999192E-11
1.4339718113113872E-10
0.013002452811395247
0.1305810559850715
0.0014007785111427062
0.13073438022641448
0.0015709943834104657
1.551814571099611E-4
1.5518165275100462E-4
1.1659598197299473E-10
1.3939699220342532E-10
2.0470242962228018E-11
1.3033563306541382E-10
4.5917357731671936E-11
2.364006638320604E-10
2.7577762968719762E-11
2.1915279746674345E-10
2.000617612957996E-10
1.5518162477946726E-4
0.12933360202127214
0.0014007785210389254
0.1307362374669115
1.8573765534189992E-6
1.8571740203522937E-6
2.432252438033714E-10
2.7896079566650256E-11
1.7487471915298892E-10
2.3695146453744335E-10
6.197098828765607E-11
1.4740965500728033E-10
4.2323107158149966E-11
1.983789516180221E-10
1.8032033395486533E-10
1.258165570644088E-10
1.8572169839836872E-6
0.12933360200190588
0.0014007783816486236
0.014420144908662705
0.11631609270955227
0.11631609263290776
2.387599753160961E-10
5.852390075742036E-11
5.2733537809734276E-11
1.5340541891268774E-10
4.042340032417443E-11
2.120299701422856E-10
1.4662718420012453E-10
8.139242405177364E-11
1.373085171419551E-10
2.092297720599673E-10
1.8571916252828666E-6
0.1307343581974474
0.0014007784431950437
0.014420145095677881
2.2473045708672633E-8
0.11631609254256887
0.11631609252685447
4.3828396549062726E-11
5.713166491551036E-12
7.282497357559819E-11
2.3371941713073544E-10
1.503875794572435E-10
1.0731306391228287E-10
2.0003780223417067E-10
1.8195589605776832E-10
2.1567826320415374E-10
1.8572639514046314E-6
0.13073435809344752
1.533466263884009E-4
0.014420122839427658
0.014264961172223787
0.001400756138823985
0.11771684869748693
0.116316092520979
6.786557056306302E-11
1.41823352485081E-10
6.94090364851095E-11
7.835066337679631E-11
0.0014007561115912989
0.0014007561244630162
0.0014007562651427267
0.11771870587709804
0.117735415814971
0.13073438030817824
1.5334913140832023E-4
1.5518395313932924E-4
0.013019388960662482
0.01286420742302336
0.0014176948285714536
0.11771705760339994
0.11771685133913191
0.1177168512920788
0.11771685113864924
0.1177168511395649
0.11771685125629192
0.11631609519593615
0.11633465988187264
0.11633465977924178
0.01301938881044417
0.1307362350446421
2.628860052289172E-9
1.98118981101941E-10
1.551816200778051E-4
0.013002450337867781
1.6729965715541516E-5
1.6936280408056084E-5
1.6936158832211528E-5
1.6936138675690728E-5
1.6729931787446418E-5
1.6729777693303702E-5
1.6729742254093528E-5
1.8587065146400173E-5
1.719113815060504E-4
0.013000821668851427
0.013017529146300224
0.13073623490615532
2.5195064048041535E-9
1.9107735496946173E-13
2.2516444508337192E-11
0.013002450246285997
0.013002450452577077
0.01300245021967127
0.012849126010590496
0.01284933230412086
0.013002656648556252
0.013002656561013622
0.013002656651806754
0.013002656630598984
0.01300079941168305
0.012847475338029503
0.012863976388075373
0.11787225876142426
2.7292712427365233E-9
3.2138754560944994E-11
7.014369831505203E-11
1.6439329896687417E-10
1.4103683957249147E-11
1.5332445207434328E-4
1.5332441508848486E-4
1.5332447921095904E-4
1.6333728561371244E-10
1.2940001156871684E-10
1.3069373169899727E-10
1.885968741080765E-10
3.241932094626751E-12
6.885483575714364E-11
0.012863976489431788
0.11787225882257106
2.6543852968344655E-9
1.095342900767402E-10
2.55237317943381E-11
2.0974326340463928E-10
4.9796384722316275E-11
1.982819356818477E-10
1.4826693232685774E-10
3.2042209450386074E-12
2.1964933972332863E-10
3.0474143360429896E-11
5.385588836588835E-11
5.1253803721526916E-11
2.1470854006217995E-10
7.78380594879578E-11
0.012863976405672078
0.1178722587624012
2.5514097577211598E-9
5.431767645978055E-11
3.3258271460298953E-11
2.4388267606181496E-10
1.404702892579308E-10
6.466538294948178E-11
1.721893332089419E-10
1.4041351092001549E-10
2.3068838225041336E-10
1.0826156091773509E-10
1.6488550582867804E-10
6.356666243242824E-11
2.3174653401980178E-10
4.892847503894883E-11
0.012863976498489518
0.11787225868404937
2.678495874068941E-9
1.3175288064502073E-10
2.4374950585898403E-10
8.220614377264199E-12
2.3177069198365225E-10
1.9762451179300095E-10
2.566937753975477E-12
2.904132386476804E-11
2.34788872259885E-10
3.4946523162618935E-11
7.972047323892797E-11
2.0434768628434436E-10
9.498463895225533E-11
1.078468116823512E-10
0.012863976281917027
0.11787225866982157
2.4986030422157528E-8
2.345779786084641E-11
1.396018750224891E-10
3.4631351404223646E-12
3.970126793508531E-11
1.1489630385112488E-10
2.3490376745257364E-11
3.9735431741127116E-11
1.7171074540666022E-10
4.732017027835296E-11
1.311220739767487E-11
1.7297419718025456E-10
1.5274741301335932E-10
2.3915753241631336E-10
0.012865833597244542
0.117872261151314
2.4980554677560684E-8
0.0014007562263847744
1.6707694477702858E-5
0.116316092594144
2.2402555248611912E-10
1.4995698659207016E-10
2.077237746978434E-11
4.699545153636579E-11
1.9475310706338193E-10
2.176635669408976E-10
4.717801067682515E-11
3.4913706633460076E-11
6.055974357190035E-11
1.533244204909069E-4
0.13073600648054876
0.11771707975849098
1.3877198242115076E-10
0.0014007562853695708
1.6707644548225784E-5
0.11633467954780292
0.11631797202464543
0.11631609263747027
1.0064424838617219E-10
1.5477875663950094E-10
1.2325354444378883E-10
3.5392374881544926E-11
2.0793356963533896E-10
1.5332429223979628E-4
0.11646941677691537
0.11647127407895566
0.13058268209436164
2.3131310833476166E-7
1.9593275768940368E-11
0.0014007563130796318
0.0144013491711509
1.6710088100606465E-5
1.858951220985681E-5
0.11633467948748612
0.1163346796007711
0.11631797198870053
0.11631611486623235
0.1163160926391641
0.11646941676896452
0.1164879815928835
1.8564825954903783E-5
0.014266592262277248
0.012864207549966799
2.3114557114387803E-7
1.953359410482144E-10
2.3793878630912026E-10
0.014401349235999086
0.01440134913856121
0.01440155797784759
0.014401558204615252
0.014418265615130002
0.014420122790838636
0.01442014512756018
0.014420145061975245
0.014420145125410224
0.014264963603184865
0.014248256019444632
0.014248256086485256
2.2878986617431574E-7
1.9330206760723665E-10
1.1920476858078248E-10
9
1.8292919898398024E-10
2.395945200153966E-10
0.001710442851355257
0.0019043004079936914
0.12376272679128383
0.1237627266944145
0.13788434923499096
0.13788688187658948
0.13788688189398607
0.13769305936712703
0.13769305936306464
0.01583463277206647
0.01409985858748275
2.921091479232054E-7
1.8496019059502852E-10
2.990205698819002E-10
4.7596419275571696E-11
7.983109622571568E-11
0.12356890396713638
0.12205224915476291
0.1218584266710282
0.014121622297512428
0.014124155425382583
1.751423536618795E-10
1.938227171386782E-4
1.9382302214507639E-4
0.12205224934517676
0.123787023589926
0.015831808332011813
0.014121914245737876
0.01409953196090274
2.8268261681481236E-10
3.246232216961673E-10
0.12205225347424133
0.12376272698138814
0.014121622276805268
0.01412415523272487
0.014102064968404203
3.872787174886362E-10
3.030217457147838E-10
1.6560917954072883E-10
7.389197054092432E-11
3.190927885315806E-11
0.12205478228038162
0.001906506915664962
2.162438306003341E-4
0.01431573670587871
0.014099532025602279
0.014099532047730866
0.1361517854358933
0.015810005271501434
0.014124155163987158
2.5332315163310155E-6
2.573100583799667E-10
1.5998053041698698E-10
2.908558622641437E-10
3.418484856387768E-10
1.5497859676250143E-10
3.506163471657275E-10
2.7898828515578344E-10
0.12357110622891396
0.0017127187468656624
2.1620483561696422E-4
0.014099532218314892
0.014099531987228697
0.12205478643974063
0.0017350967666766145
2.462337174945615E-5
3.766829974094373E-10
1.684555457647847E-10
4.3929741131033826E-11
5.7832979156677425E-12
6.31915461214379E-12
1.0932927258511391E-10
1.5219433171010676E-10
3.8878997549787536E-10
0.12185842662786367
0.0017101861174680603
2.187379269899231E-4
0.014121622530991309
0.014293354858019868
0.12205481704262196
0.0017325637365651328
1.3384845528362204E-10
1.0546434895090054E-10
1.7443623665609463E-10
1.7069448937162716E-10
7.234538035589248E-11
2.5410016290945945E-10
4.682853090589411E-11
2.6922341145215436E-10
7.005542456546277E-11
0.12185842679490644
0.123568612398725
1.966476196866847E-4
0.01412162224639753
0.13615178137084394
2.5677672348717012E-6
0.0017322374157916094
8.068896834178097E-11
2.698290081373558E-10
3.6089481397834046E-10
9.037891999277123E-11
5.769983778949924E-11
2.4583854988799737E-10
2.492109642436169E-10
2.912503175009875E-10
1.8043594837002266E-10
2.500287474661373E-10
0.12356861242493336
1.9664767951305196E-4
0.014121622453877339
0.13615178126035501
0.0017126796885728148
0.001732237322687921
9.137308323784647E-12
1.9638506788631057E-10
4.140676114157119E-11
1.386623919805843E-10
8.394565087366657E-11
4.217309191938713E-11
1.898166300101138E-10
9.909007738807897E-11
2.1070513058068225E-10
0.001710181734009843
0.12356861256040609
0.014318269801993695
0.014121622424880584
2.533115630067186E-6
2.5329464682074993E-6
5.6723512254845206E-11
2.2044560833817025E-10
2.8220179210951615E-10
2.5432887525619313E-10
3.2441749071778643E-10
2.399603989127967E-11
3.7941797897755877E-10
4.0113885152589513E-10
3.492202194477895E-8
0.1218584615707217
0.12356861251043329
0.1359582544520177
0.01431826963034083
6.610435470876132E-11
2.5329728570676888E-6
6.681033262479141E-11
3.8898736300231215E-10
3.1102207047273134E-10
3.1393172271798354E-10
3.924713014028718E-10
1.634436876476462E-10
1.0954097398692079E-10
3.5136944301708134E-8
3.488051529680147E-8
0.12185846129969069
0.12356857783715122
0.0017104430820248729
0.014102356624263504
2.1844591014575767E-4
4.4355705906967616E-11
3.0367695150188794E-10
2.6363999404183033E-10
3.174643674393601E-10
1.1531201203321405E-10
3.1987807201211397E-10
4.8212501581456715E-11
6.282313405719672E-11
3.3157077707087423E-10
3.5091273985397934E-8
3.0407629590892595E-10
0.12356886949882297
0.001710442908017625
0.014102356691665086
0.014124155409629975
2.1591333450887208E-4
1.3795484414362206E-10
1.7306047601396424E-10
2.263038052618421E-10
1.7752697079909905E-10
3.983755157959813E-10
1.2646608569580793E-10
2.304940910650518E-10
2.4353097867786404E-11
0.0017101468813092299
0.0017104736330758761
0.1235688693835219
0.12357140218320652
0.014124155089672996
0.014317978068539048
2.1591322235030652E-4
7.630216560807699E-11
1.7075499772106212E-10
3.615358274990652E-12
1.7485113923875089E-10
9.713371413080419E-11
2.7562902848198143E-10
2.386466757994371E-10
1.2515449162833192E-10
0.0017101818818647493
0.12356890017644316
0.12185875721129323
0.13596049542419117
0.01412415506400193
0.01412162235052449
1.9382303325877275E-4
3.8526569765399174E-10
3.25139709153441E-11
1.1059517776849552E-10
3.2135393131788733E-10
2.626170810382501E-10
3.3707321450672367E-10
2.434420605013438E-11
2.1569102076100973E-10
0.12356857335942802
0.12356889996875794
0.1218612511255671
0.014102069085165843
0.014124155328390784
2.159132388151064E-4
1.9382283775799697E-4
1.9382278139237286E-4
1.2918922939248023E-10
7.309571408465341E-11
2.561545610213193E-10
1.5735737703969556E-10
1.4774744040395296E-10
2.92072975674574E-7
0.12185871842573648
0.12356886542970213
0.12356889990920206
2.8596803434591713E-6
0.01412415923831825
0.014315449433611321
2.1591338068501E-4
1.93822934407664E-4
3.5437253975077604E-11
3.3229204356206994E-11
3.3703674750790815E-10
3.334686258459477E-10
3.1711922954452894E-10
3.914646107713665E-10
0.12356886534801724
0.12356886515353722
0.12356861241427212
2.2129514789136938E-5
2.4662398002534635E-5
0.01431798195404028
0.014315449239368004
2.1591334773966926E-4
2.7072034215252825E-10
2.670291285058406E-10
2.1227370909893372E-10
2.467095854803462E-11
1.551865906137393E-10
3.8492499109709864E-10
7.1893264757920905E-12
0.0017104430842833228
0.12356890399670513
0.0017322764118386912
0.0017322763082157266
0.015812211747364354
0.014295887492910341
0.014293354650138295
2.7540407674837036E-10
1.9029973219551011E-10
1.4073843269644683E-10
2.81752272048574E-10
3.0362927570086795E-10
4.0016484404846334E-10
3.351134305469784E-10
9.397634367631229E-11
1.424159827332743E-10
0.12186129003244603
0.13598291219735706
0.13598287766155265
0.13615460997424236
0.13786475667707468
0.12376269220597685
0.12356886927192827
0.1235688693133404
0.12356886925662264
0.12356857779804277
0.12356857766650547
0.12356857779435793
0.12356857769856039
0.12185843065900856
0.1218584309384021
4.188290168146482E-9
0.014295922117726761
0.014318012569177288
0.014295922354962829
0.014295922373233277
0.014102099729249851
0.014102099739052295
0.014102099730473517
0.014102099517705729
0.01410239132764258
0.014102391491114578
0.014102391484245488
0.01410239152943948
0.015812538316908487
0.01581253820187973
0.001734804788685211
0.0017347701216291987
0.014315445071651424
0.014315444951643103
2.1591323563559082E-4
2.159132393045624E-4
2.1591318354264013E-4
2.159133372421738E-4
2.1591304917998932E-4
2.1591323167906615E-4
2.1591326929339008E-4
2.159132952360875E-4
2.1591312965903395E-4
2.1591322782556004E-4
2.1591327213024716E-4
2.1620495792574576E-4
2.1620486429864291E-4
1.9411469957822977E-4
2
9.504874054318664E-14
5.832084119022116E-13
1.2597884757562784E-13
1.2307267652106227E-7
0.1422505853401162
0.15806506021308217
4.0253036764203147E-4
5.923990622167103E-13
8.618428165203395E-7
3.3799993649594207E-13
5.058877178865963E-13
3.2592229597132255E-13
2.2597580703462702E-13
3.4092801419451155E-13
4.59671724115182E-13
1.4025686691289687E-13
9.189366189466258E-14
2.3728057942700006E-13
7.036495595157827E-15
0.002579113152014045
0.14225059960536518
0.018795994983153624
4.0253003009763365E-4
8.618871856776618E-7
0.018441575110256535
4.846165699121356E-13
2.8272952499064304E-14
3.266422670253923E-13
1.4278802217577498E-13
1.4263653071389102E-13
1.8802239641559923E-13
9.066455418753141E-14
4.448154968427338E-14
5.59317026519265E-14
0.0025791131519979048
0.14229797319442872
0.13971887716068726
0.018795978196750128
2.7210985081025855E-13
7.45690603755955E-6
0.01844169818222014
1.6786923739207455E-8
2.2392929548263355E-13
2.8343634296498462E-14
4.827013261481208E-13
1.1860920570252706E-13
9.920245316467478E-14
5.715158185334843E-13
2.34657770219679E-13
3.863487866785842E-13
0.14229797315028875
0.13971886037385878
1.71181508879676E-8
0.018748713083027838
8.643643186961551E-7
0.1396791752003768
0.021014107508857082
1.6787070296741948E-8
5.506765457948158E-13
1.445310437295225E-13
2.199453446608315E-13
1.8209117802075046E-13
5.932988640536126E-14
1.0281147915036341E-13
2.81416659485258E-13
0.14224411049662794
0.14229785012264476
1.7162620371641778E-8
1.6787320357306085E-8
0.018748713082759966
0.1396724592487349
0.139678313357751
0.021013984436298417
0.01839344816046635
1.8436313748550283E-13
3.551843026307966E-13
1.4451617022812968E-13
2.446281253826627E-13
5.266369090463833E-13
5.420621391491146E-13
3.890291514246988E-13
0.1422979731944911
4.726767909559656E-5
3.552820407959557E-4
3.561267657545644E-4
0.018749574925354895
0.13967245924866195
6.718472785725725E-6
0.0026205362761553665
0.018748713083102022
3.6756580092194017E-13
3.7116321147950867E-13
4.970387868681274E-13
5.323409224538404E-13
1.0895997429622357E-13
2.958431721864687E-14
0.1396715948914012
0.14229797319472642
8.789607006407002E-7
3.5614388351262467E-4
0.018394310002638255
0.018393448160124698
0.13967159740612017
6.718472632207739E-6
0.0026205362765783246
0.01874871308281451
5.777393471356118E-14
5.679152824678943E-13
3.758416781132892E-13
2.897269267371731E-15
3.536438616756791E-13
3.8534079826109483E-14
0.14229137817581936
0.002579992163333674
3.5614388929691595E-4
3.552649290740449E-4
0.018393448166358895
6.607312705846141E-12
0.139671597412729
6.718472996142091E-6
0.002620536282844687
0.018748713089050798
6.449636680770176E-12
6.290417899555962E-12
6.633205113608753E-12
6.605192532978927E-12
6.8091650088249295E-12
3.2070814489117133E-13
0.14229137850669954
7.476506764898042E-6
3.552674443485099E-4
0.018393450681877446
0.018393450681535074
2.521710722132504E-9
0.13967159740640894
6.720994280685678E-6
0.002620538798021217
0.01874957744670938
0.018393450681701274
2.521834388669209E-9
2.521395675728634E-9
2.521889076492428E-9
5.497499146356024E-14
1.2451689818560226E-13
0.14229885214892835
3.6286164360155125E-4
3.5626662451425015E-4
0.01839444990617337
0.002573377498846941
0.002573377499017098
0.1422449749045996
0.0025799725238463654
0.14229225460849554
0.14260023730597338
0.1606384205435085
0.1422449723835959
0.1422449723836083
0.14224497238380007
0.13967257984389594
8.618873037876254E-7
0.1426541145503593
0.002981534750368299
0.021019701201522887
0.021019717943636506
0.14229786466827418
0.1397254721290249
0.13972547464993398
0.1397255952517228
0.1422978646687049
4.1000400927566596E-4
0.018447325404430618
5.387724399082353E-5
5.3877244271437265E-5
5.3877244315064035E-5
5.3877244401903425E-5
5.386045713616143E-5
0.14260584736627036
0.14259925234700796
0.1584203079676809
0.14002685980753823
3.552649232372694E-4
3.552649227470874E-4
0.14002686232870623
0.15842702610951973
0.021368387847450907
0.01874959204319479
0.018748713083136002
0.01874871308302287
0.018748713082976664
0.018748713082898386
0.018748713082734868
0.01874871341401788
0.1425992523472784
0.01874871308313941
0.018393448160265457
4.498454774186911E-13
0.018393448160324753
0.01839344816023976
0.018393450681929206
0.15807176118635013
0.0026196576473793936
8.789603885243419E-7
0.01874957492579569
5.270492530797255E-13
9.097729666851739E-14
3.693105368811103E-13
5.172688650637343E-13
2.6002538321985627E-13
0.0183934481603833
0.018393448160600026
0.018393448160377204
0.018393448160624153
0.018393448160126655
4.679676225249246E-13
2.5218996212431645E-9
0.1396783130266776
0.002619657647139069
1.67872480835268E-8
0.018749575256845723
1.3727308576260576E-14
3.3442003454567327E-13
4.91788798974793E-13
5.966173651832863E-13
2.2180638131245077E-13
3.6465805811427655E-13
1.75647123087566E-13
5.275041060472289E-13
2.086603825918627E-13
3.001739092857513E-13
4.618788136647793E-13
2.521404492444632E-9
0.1396783130267613
0.002619657647344139
1.6787006117083924E-8
0.018749575256290642
3.3135237562919517E-10
3.131462444452961E-13
2.830429909109676E-13
4.1622300235411637E-13
2.201256374821691E-13
4.599332658300844E-13
3.6905992029746954E-14
2.6095475232641945E-13
1.2858878795845202E-13
1.3585240109333773E-13
3.9830053316820734E-13
2.521764889965953E-9
0.1396783130264211
0.0026196576471181044
1.678714141556764E-8
0.0187495749257128
3.552652541634857E-4
1.978773234654763E-14
1.5468581137004524E-14
1.9973138424037453E-13
2.306886462745249E-13
1.834781557483512E-13
5.880886983335423E-13
4.816865943306554E-13
1.6572079081570461E-13
3.7849366771314317E-13
2.521409026948641E-9
2.5213575283994663E-9
0.13967831302647968
0.002626252665839169
1.6786922225431613E-8
0.018394310002706072
3.5526525397087683E-4
7.383972044961378E-14
1.0707813774482694E-13
5.283578819884419E-13
2.9081016603114426E-13
2.8827008100632997E-13
3.150756975579572E-13
6.542240299740263E-14
1.41192093981746E-13
7.722872590596886E-14
2.5216511782761128E-9
3.7357960217367407E-13
1.2312327743295995E-7
0.0026262526723890914
1.678718969608327E-8
0.01839431000261706
3.552652542049573E-4
1.3789694185214957E-13
3.363214819255889E-13
5.291250545361275E-13
2.5195141685239305E-14
5.902117194887388E-13
4.944670694202282E-13
5.446243317991137E-13
3.508896256181494E-13
3.41308964143949E-13
6.024631002978973E-14
1.3732982477354932E-13
1.2307260807265837E-7
0.002626269452404921
1.6786914970304222E-8
0.018394310002633116
3.552652537788081E-4
3.1111214709286854E-13
1.7012805992257546E-13
2.8298897212277235E-13
2.2635618026130498E-13
2.701374870612374E-13
2.73829446115071E-13
5.3895430359169334E-14
5.434471471457209E-13
4.0633737940458536E-13
5.899032350220048E-14
5.643255595055596E-13
1.2307281824826425E-7
1.3261505079742053E-13
3.653941726340504E-13
5.738284729971119E-13
3.3146165820943275E-10
3.785837038277688E-13
5.064240816431775E-13
5.240464058942206E-13
1.6336415748136767E-13
4
0.1351701237613823
0.13498298118054192
0.13498298117943242
0.13498301816344016
0.134983018239803
0.1351701602462956
0.13517016024780182
0.13517016025008288
0.13517016024403328
0.1351701602467679
0.1351701596710896
0.016156096307072446
0.01447937838389711
1.8717842276027514E-4
1.871784264710996E-4
3.6416730479204166E-8
0.13517012383362523
0.016131712644836455
1.8714265563564246E-4
1.8714265896846278E-4
1.871785004068728E-4
1.87142012741386E-4
7.226062282425397E-13
6.2300511891986945E-12
6.168447857237125E-13
1.5386569322746545E-12
3.4114693260321318E-12
3.829750766765413E-12
4.112094073798402E-12
1.7410398858135746E-12
3.2157611995962384E-12
3.814759015185792E-12
0.11922555384630125
0.01594456999212193
6.246456322249173E-12
2.1987766571450703E-12
3.642119630141885E-8
4.307510915885946E-12
6.387896481178257E-12
5.871620785360418E-12
2.797535542426088E-12
3.734855355517566E-12
5.302218024516418E-12
4.11273640408321E-12
3.8812504720328564E-12
2.3958764442456547E-12
4.960340534341894E-12
6.471694445367312E-13
0.1192255538408416
0.015944574464932564
0.014267856620819268
6.162103380212224E-12
3.641494565325208E-8
4.524710324856845E-12
3.928490610707692E-12
3.792111566578811E-12
2.9093843325270002E-12
6.0870120629609604E-12
3.856337046044408E-12
4.243791079734765E-12
6.508380395186761E-12
6.6471446088219294E-12
5.463043718489529E-13
1.900915950454977E-12
0.11922554936616292
0.0016981287215015828
0.01426785661727325
2.39978127066443E-13
3.6417888189607385E-8
5.085460669159468E-12
4.954324804939943E-12
1.105710524234574E-12
6.6569518528384615E-12
4.5891357974723695E-12
4.4943268362589553E-13
5.827401928756888E-12
6.193502128239324E-12
3.3626608023084245E-13
2.237394671927872E-12
6.798416246816307E-12
0.11920413850320394
0.0018852707262749955
0.01426785662115975
0.01426785661782268
3.6418569463879084E-8
2.3617193605473656E-12
2.4486248876765398E-12
4.305452382101351E-12
2.1415273698034625E-5
2.085572848998612E-4
2.0855728255493437E-4
2.085572851988094E-4
2.1415271897101765E-5
2.1410796348082112E-5
1.864365154035361E-12
5.153171543548911E-12
0.11901699649535895
0.12089933409482499
4.3865476065375375E-12
0.014267856622561536
4.0892258550121703E-8
4.549681543883082E-9
1.8745084192207766E-4
0.0018855750076278597
0.0018855750104388193
0.0016770177252687082
0.001677017727597179
0.0018641597341547591
1.8745076521425917E-4
2.0886156310762159E-4
1.8714201435271387E-4
4.322239190751662E-12
2.9331267091775954E-6
0.12090226663898032
3.0883247862882305E-7
0.015944878819810174
0.0016770586171931164
0.0018668244170291497
0.0018882351370391145
2.407547946048222E-5
2.6646872128841998E-6
2.664682903945356E-6
2.6646861403776668E-6
0.0016793781270992758
0.0016793781305153744
2.4384237092699917E-5
2.0889797587895972E-4
3.0273820925936934E-12
3.04857783154215E-7
0.12090226274235429
0.001866488129865328
0.016134340267006508
1.8980669272050844E-4
2.407548056647199E-5
2.1410797743319665E-5
0.13328191998800445
0.13328191998531713
0.13328191998873815
0.13328191999011427
0.13328191998658973
0.015944569988747947
0.01594719833157178
2.1152624509331185E-4
1.871784277621604E-4
3.0428063572493044E-7
0.12090226266859835
2.085533805987311E-4
0.13330333135922517
0.1333033313592178
0.13330333135840777
0.133281920562806
0.1332819205632923
5.76261263018718E-10
5.78016350305259E-10
5.789268123953648E-10
0.11901406394228464
0.11901406394827042
0.01594457064044527
0.014292204437494065
1.871784249821965E-4
6.567211734861543E-12
0.11903547416706885
0.1190354741680168
0.13328191999039304
0.01426785661833453
0.014267856616355176
3.30873646031653E-12
2.7934163561080114E-12
6.4701689570599505E-12
1.4177260665652726E-12
2.004733665635138E-12
4.338063379628616E-12
0.11901406336819856
0.0016767140228453245
0.014289576173596821
1.8980669139162482E-4
1.8069310321171313E-12
0.11901406337032655
0.11901406337158094
5.006755281757343E-12
5.595279301693917E-12
3.5044435941762987E-12
5.48639425558704E-12
2.9489442888917655E-12
2.8262641819846886E-12
5.705322631657753E-12
5.861437262261708E-13
9.655275145927676E-13
0.11901406337085566
0.12069077681672007
0.014289576742508853
1.898066909330683E-4
5.553947634779049E-12
3.744590497216014E-12
0.1190140633719047
4.022333759348731E-13
6.8868590593932735E-12
5.189205391270977E-12
1.587615980815665E-12
6.162494249569856E-12
1.4289722393002465E-12
4.298027096576396E-12
2.9893350394691158E-12
1.001205552689495E-12
3.2250803881482592E-12
0.12069077681610665
0.13498035348622728
0.014457663306006325
2.8039267813324986E-13
3.607524441650456E-12
1.2995233127662463E-12
5.935089696994153E-12
1.2785149853724438E-12
6.055258160679798E-12
2.141516501703036E-12
6.301840705031148E-12
6.16642125011404E-12
3.203502590678563E-12
1.9877505214753727E-12
7.379127600167592E-13
4.5091548644804865E-12
7.963987238313985E-11
0.12071249693806109
0.01445766330816423
3.6419399982564275E-8
6.110824637897077E-12
4.814387440769E-12
4.966246348446823E-12
5.041078451910319E-12
1.1208148386539995E-12
5.440583022782569E-12
7.736688803495923E-13
2.9048560746040305E-12
6.704300503246831E-13
5.522116305837237E-12
3.1133102906442007E-12
6.7586418232771304E-12
6.772856715818953E-12
0.12071249694270199
0.01445766331105462
3.6414827312220765E-8
3.6418482442749995E-8
0.001676749789664937
0.0016767497901586442
3.641653023791257E-8
4.899293859098812E-12
2.4434465727919683E-12
1.0666517553839408E-12
3.0210147678455975E-12
3.4343580617584536E-12
3.0917813736973403E-12
5.570203927268505E-12
1.3428065052661032E-12
2.171955748586541E-5
0.12089967536545893
0.014457663311238373
3.0428159857563295E-7
3.0428319512703257E-7
1.5941259839627005E-12
0.001676717851116757
4.089376295570379E-8
3.6418547201763435E-8
3.6416321620135955E-8
5.721743405018603E-12
3.091082802411523E-13
5.822946789795431E-12
3.0428116236688586E-7
3.087623209521711E-7
0.11920151413691649
0.12089967478622071
0.12087795581506054
0.014270484885792183
5.758698469354584E-12
3.0428033623593724E-7
1.8744636222477014E-4
3.0435846298034983E-7
0.001679346189290394
4.555712821960049E-9
3.648973968186408E-8
3.648876085745534E-8
3.043562058934554E-7
3.407712908401274E-7
1.874872532732967E-4
0.12089937051248331
0.12089936603091299
0.0016981611583617101
0.014270485458098767
0.014267856620544535
4.696911426425899E-12
2.9420603870155426E-13
1.8714201370907698E-4
0.11922292102463736
0.13516749044147292
0.1334934053394625
0.13349340981655142
0.13349344622686732
0.13349344622877382
0.13349314194736508
0.1351698144326388
0.13498267242389986
0.014270484889883642
0.014270485457950002
0.014267856617777295
6.142640239455485E-12
3.7660598451999E-12
7.200689945039518E-13
1.3900293733539089E-12
4.093830846152687E-13
0.0016767139483333537
0.0016767139505578278
0.0016767139491031778
0.0016767139477645056
0.001676713950916645
0.0016767139503920787
0.0016767139496320998
5.804461044304604E-10
5.760669775041164E-10
5.793346768830733E-10
3.468776987380459E-12
1.9532834038343076E-12
5
3.1688328237415085E-12
1.2155416048515834E-6
1.2155426194441722E-6
0.0011169834149550456
0.0011169847653807715
0.11348156546517268
0.11348156545978887
0.11348169139492889
0.11348169138698494
0.11348169140017049
0.11348169139158777
0.11237615174370295
0.10202154304393041
1.2392617594013944E-4
1.2593706082908356E-7
1.0165004165973755E-11
1.2155448394668922E-6
0.0011169701609623048
0.011470376310603433
0.11336798020092853
0.11236470798446498
0.11236470662698596
1.2593715555473885E-7
1.2593673101243662E-7
5.7822876488783405E-12
6.8682720702949964E-12
0.0011055396469760491
0.010355824243063572
0.010354620470342546
0.11237601121415193
1.1556450505309704E-5
1.259437160017234E-7
0.0011055396568571568
0.011470376440791233
0.11236459530976269
0.10201009955496612
1.124956739322623E-4
5.219470750527443E-12
3.76575461126911E-12
3.695562355996763E-12
6.11632835576485E-12
1.2883535483942884E-12
0.0011043254657473658
1.2168850585311667E-6
1.3259831915850326E-8
0.11236458069788796
1.239261783285252E-4
1.2593665271588732E-7
0.011572531198787858
0.11237602567499541
0.10201009941782892
1.2594318212600648E-7
4.987489179631957E-12
1.5561369756739237E-12
2.26099680775219E-12
1.135025095332783E-11
1.5649372024548255E-12
3.979012357504001E-12
0.001104325470655709
1.2155448052318014E-6
1.3269205383771068E-8
0.11226364148023349
1.2392617579922688E-4
8.892322035238533E-12
0.11347013494453238
1.1556452657654983E-5
1.259427748369639E-7
8.879916227075401E-12
1.1762776876090206E-11
1.0414785702188227E-11
8.286488428433046E-12
3.0306232525851225E-12
3.827337465064404E-12
0.0011043241158621181
0.001105540998623873
1.3545929126839438E-6
0.01036617691966575
0.11226376741692365
1.12369736583924E-4
9.050898580089384E-12
0.1134701349416289
1.1556450296252553E-5
8.63998812612374E-12
2.7402694684691196E-12
8.05499088080689E-12
1.2545021797254368E-11
5.980707756215192E-12
2.909376761698254E-12
0.001104324121746361
0.0011055541243488961
1.2300139589148122E-6
0.010354733295570356
0.010366037870690866
0.10189760375109594
1.1236973233026074E-4
2.2843142246575703E-12
0.11347026087423526
0.0012282502927101347
7.770706878582517E-12
5.173823269750135E-12
7.857757729799901E-12
9.506355247479987E-12
1.990587114534376E-12
0.0011055410041224656
0.0011055409948219185
1.228795442548726E-6
1.2607751722574608E-7
0.010478533389055371
1.2380025121972428E-4
0.10200997349329942
1.1236973157970512E-4
9.796028378265515E-12
0.11225356703451982
0.11348156411072008
0.0012281243654850527
1.1236973572442723E-4
5.247810052141773E-12
5.314015254500489E-12
1.216889756321766E-6
0.0011056670653175735
1.155658609815941E-5
1.2393944465192454E-4
1.239261840277856E-4
0.010466976951308023
0.10200997348221662
0.10189760376203914
9.003246013633385E-12
9.276246961360939E-14
1.2594015031532352E-7
0.11225344110394736
0.11336919573291197
0.11348155085339139
0.0012179093743235447
1.1237123098093532E-4
0.001117097589219889
0.001228250291257276
1.2381336644486413E-4
0.01046699006270797
0.010354607219803911
0.10189760375878643
0.1018976037558184
2.6000626680749987E-12
5.347455756126084E-12
4.871833388500815E-12
1.25942574974239E-7
1.2593818152616622E-7
1.4618000598489488E-8
0.11226365608956419
0.11336919573232077
0.0012293400350371774
0.0012294658314423628
0.01158396021994777
0.010468205603227667
0.010468192488226119
0.10201118901534471
0.10189881928735443
1.2155337176853302E-6
4.0396004066352827E-13
6.537957320422461E-12
1.2061042856717029E-11
3.4084339712461955E-12
1.2594482853070314E-7
1.2594143409919136E-7
1.1238433560271191E-4
0.11236581084245262
0.10312695824518013
0.01035474626981193
0.011470374965547493
0.0011157677470688188
0.10301337150493932
0.10312572811762687
1.1358527383628568E-4
1.1358526438397769E-4
1.2155423549348503E-6
5.294772660652727E-13
1.0348039157192973E-11
1.2833625087004078E-11
1.0205847691425769E-11
1.1251013672062578E-4
1.1251027813762356E-4
0.011460272798728043
0.1133680930142104
0.11225233838505254
0.010354733288611353
0.1018976038900097
0.10189760376378723
1.1443637579241863E-5
0.0012281374767321638
0.0012281243640098936
0.001229339886834353
1.2646058986224028E-5
1.4337510264362576E-12
1.285185485281865E-11
1.49876027444929E-9
1.1251027321529614E-4
0.010354733290295006
0.011471703303723825
0.010354733144869677
0.11225221232377551
0.11225233824977274
0.1122523370417958
0.11225233703538971
0.1122522124560529
0.11225222422054894
0.010354620341655444
0.0011043372387212979
0.0012179224993032983
1.2646046628951585E-5
1.4654176173007007E-12
1.4054435560360222E-7
0.010467115991472407
0.010367253261943998
0.1030145739177779
0.10189760375626053
0.1018976037609274
0.10189760375758479
1.3626513643420128E-9
1.2728926734154347E-7
1.2728277646174304E-7
0.10189773118385202
0.1122522124545532
0.11225221232019061
0.00121670696103407
0.0012293398907869666
1.143065906427905E-5
0.010366178129419278
0.010478407457651688
0.10301457391085876
0.10300192786636914
1.2822541284419317E-11
1.031784449995518E-11
5.392450821804064E-12
1.5498599724113433E-12
6.19313378069614E-12
9.85187001068438E-12
1.2593744385505286E-7
1.488772039099015E-9
0.11225221246040777
0.11225222543038992
0.001229339887757374
1.1430662547246303E-5
0.010354747623007296
1.1236973297715546E-4
0.10311551312608783
6.1382184476588535E-12
1.1694387423414829E-11
1.8406247660081015E-12
8.331572222497526E-12
4.9293754197638465E-12
7.504275055362252E-12
3.007242001466592E-12
1.2594289278510913E-7
1.2593722179995973E-7
1.4909044757420017E-10
0.11225344110298002
0.10312694378122876
1.4981036099798684E-10
0.010366178267814807
1.3261433398890463E-8
0.1031155262489421
1.123697425137814E-4
1.1236973151180158E-4
1.1236973749045359E-4
6.775275243168869E-12
9.659689647577765E-12
1.2198839476220046E-11
2.3217111775435187E-12
1.2593870786065718E-7
1.259387094450555E-7
1.215674205749562E-6
0.010468207092030042
0.10312572825194533
9.695592153558579E-12
0.010366165008789043
1.1556591526157482E-5
0.10300315666011432
1.3118911784222655E-8
1.312734458588719E-8
1.1236973598674267E-4
1.1236973711036121E-4
1.1236973824471445E-4
1.2493439590988604E-11
1.072208702551816E-11
1.2594559283486173E-7
1.2287954191643005E-6
0.010355836006369214
0.011582746035030077
0.10301335838678816
4.382320981092623E-12
0.010354608565582282
0.010366165010376713
0.11336930854241029
0.001104450192604916
1.3545831337795998E-6
1.2286520125150259E-6
1.2286564339458322E-6
1.1358527408987378E-4
1.1371119806583756E-4
1.1372445751093262E-4
1.1372580240880018E-4
0.010468207089086506
0.01047840880801131
0.10301335973569606
0.10189760376374449
7.939055513766513E-12
6.16730033921645E-12
9.35667706563409E-12
0.11226485836458505
0.11336918260712536
0.11336918261957077
0.11336809300622486
0.11336810613490031
0.11336810612394063
0.11336810613199223
0.11336796708289004
0.11336796694266496
0.11336796559437361
0.1030133583809761
0.1030019278718963
5.969274631055283E-12
8
3.747105658753803E-8
2.679048604433502E-6
0.015233436890843052
0.015422368399171852
0.015422368399121245
0.01542236839917184
0.13107378148740773
0.13107378148743906
0.13107378148738946
0.1310737771707771
0.13107377717078816
0.12927450644189242
0.1292718648643807
5.282821345293026E-14
4.038251763740753E-14
6.150992252249215E-15
0.01381171060175998
0.013812029118838139
0.13107078817789802
0.11584034459660263
0.11565141308830994
0.11565141308833837
0.11565141308829284
4.71585942464967E-15
4.316670617229531E-9
4.316660074582703E-9
0.001776393448764592
0.0018019123661282218
0.1310737397602691
0.12946079637274976
4.800517633671873E-14
4.038414487791354E-14
0.13105086617853717
0.11726203341537504
0.11723883755768608
4.016911080383149E-14
9.31275453732282E-16
2.6646060811290554E-14
4.5725194759862566E-14
5.340394171611367E-14
9.34501735121619E-15
4.2569210896408054E-9
4.256942429018126E-9
2.6785498469940648E-6
0.0016129808578575367
0.13107109824246727
0.001776356038221919
1.8893150834749706E-4
0.13088480775315853
2.2877339937846946E-5
7.003740869824949E-14
4.960706432541116E-14
5.389115071985819E-14
2.7810878315320543E-14
1.4727830736172276E-14
6.134826639868561E-15
4.5123752603546126E-14
6.078043981456944E-14
5.036642951730592E-14
4.256965563068479E-9
2.6832449432685582E-6
0.12929707328642723
0.015207876312666627
1.8893156888507743E-4
0.11567693150768842
6.72802225308802E-14
3.113090392725191E-14
6.756178055792006E-14
3.952066433013106E-14
6.89564421439259E-15
4.5484532571089974E-14
5.724011649136431E-14
4.793253300516032E-14
2.6644758348631116E-14
3.1330697800115165E-14
2.6409218918691314E-14
3.790187600736557E-8
0.11567693626261746
0.015210521588594556
1.889315688319772E-4
6.751096415023367E-14
1.1410822940720155E-14
2.186070607333128E-14
1.4869012816845656E-14
3.166925652247366E-14
3.673176071277373E-15
1.2437404677013917E-14
7.036968886618861E-14
4.22163874651644E-14
3.8083011242372794E-14
7.001959121992399E-14
1.0145298924393222E-14
3.740387548774866E-8
0.11567464259097962
0.015210521588610814
1.8893156888991706E-4
2.4612788186042294E-14
2.415872491573243E-14
2.7449851437475333E-16
1.1883342877312136E-14
5.225951666102416E-14
2.846145524943491E-14
4.031539406905069E-14
6.608208079800159E-14
5.903829250782253E-14
1.8475117989308604E-15
2.136970255021307E-14
3.1365151273454877E-14
3.487438470126256E-14
0.11567464209966602
0.01521020788617302
1.915726483795194E-4
5.916136171909076E-14
7.033572439666493E-14
5.3333020325454794E-14
5.1603925897471485E-14
2.082805007706872E-14
3.012723598629678E-14
4.9739135911903475E-14
2.2964560056807998E-14
5.931983421359455E-14
6.6891651725302006E-12
6.702225286264763E-12
6.673120200842024E-12
3.5167222893027337E-7
0.1292974206951071
0.015210207879494056
1.9157258784551913E-4
4.0958286690103247E-14
6.651988783013285E-14
2.6324890415849514E-14
1.8700506693213883E-14
3.740389960846706E-8
3.740392721902905E-8
3.5166483175813717E-7
2.3229004693764583E-5
2.32290113935872E-5
2.322901139288009E-5
2.3229004661256316E-5
2.5870144712899414E-5
0.1172647077023472
0.13088453145385556
0.0017763607326054152
1.8893150836021168E-4
6.715741029569709E-14
1.001639583799988E-14
6.73335787053522E-12
3.7471061004768E-8
3.747111247648468E-8
3.746439595683472E-8
2.2914810918503836E-5
0.0016103397783249877
0.0016103023744145442
0.0016103023670358536
0.11724147919573426
0.1308616167108967
0.13085897563060878
2.121653276253501E-4
2.1216476991541214E-4
3.1426099339812037E-7
3.048784368852932E-14
1.832757111841468E-14
7.507988982634706E-12
4.264380760648832E-9
0.11565141785062821
0.1292715553650553
0.1294631279529029
0.1294631279536506
0.12946312795364498
0.1310505481660708
0.13105054766808596
0.13105054766813237
0.13105055192502377
0.11743041070326128
0.0016129803524003537
2.319160081376549E-5
5.629536377186573E-14
2.777229895850176E-14
4.6814223620184996E-14
4.980233773507748E-10
4.755670649406829E-9
4.755716319994179E-9
0.11565141734598602
0.11565141734594216
0.11565141734522927
4.2569617179129484E-9
4.256910138760697E-9
1.8893576524452665E-4
0.013809073287851652
0.12946048687408118
0.11745332544696675
3.1426096705805196E-7
4.8883674941249146E-14
4.8968368099536736E-14
2.4138471859605105E-14
5.868835943333628E-14
3.2781008771125515E-14
2.3259854306336204E-14
3.811142141978156E-14
4.256942459994711E-9
4.256919790717384E-9
4.25696840792776E-9
4.2569291545317514E-9
7.148085995423642E-14
5.918467332409713E-14
0.013620141779510049
0.11745332544771665
0.11565172734926232
3.485694858591276E-14
9.647136334625626E-15
1.8976192242526285E-14
5.975687798362677E-14
6.384317346439403E-14
6.423263616950802E-14
2.844748633526875E-14
7.66403056899747E-15
5.432363917152041E-14
4.6837190273868E-14
1.202597095847934E-14
5.5436490292166087E-14
3.740388972937611E-8
0.013620493443563197
0.0018022266204258863
0.11565172740902739
4.6664729336880974E-14
1.0696936824093505E-14
5.008812480982173E-14
1.6281363808749905E-14
4.130030939507515E-14
2.488801008895707E-14
6.8065139348707305E-15
4.7960498555001806E-14
2.716767237496133E-15
1.6365129526622917E-14
3.7403900282712833E-8
3.740390381859014E-8
3.516648432642599E-7
0.01362045603971908
0.11745328798415149
0.11565141314809374
0.0015874244693808795
0.0015874244693936243
6.430219464929639E-14
5.977550690775437E-14
2.97402484131572E-14
3.970434359340864E-14
1.6332053704770205E-14
4.432337019954048E-14
3.1823398622801926E-15
3.7403907534540565E-8
3.740388711928496E-8
3.1426099079749926E-7
2.7913621897310444E-14
0.015230443587982492
0.11743041064429253
5.976696803006372E-11
0.013620451776154356
0.015207561984550927
0.0015874244693847486
3.459974549407365E-14
5.446407943264508E-15
5.113892470924161E-15
3.1647836388937306E-14
8.06792957919063E-15
3.740387132935632E-8
3.7403883410120384E-8
3.14260972592408E-7
3.1426093637035E-7
0.013643014861710732
0.13088185717503845
0.11584298623385682
5.979856163021803E-11
2.322900471201587E-5
0.013643014855092625
0.015210203064066926
0.015207561984544767
0.015207561984537753
0.013620137515239267
3.2430401663041754E-14
3.740387872703041E-8
3.740388640958084E-8
0.0015877387303670548
0.015230753585406867
0.015230439331145956
0.015230444086785661
0.11742777388140578
1.9157264761268628E-4
1.950545879278334E-14
1.8896891217804132E-4
2.3229004681165497E-5
2.5518419423143472E-5
2.5518917437400255E-5
0.001610302307240026
0.015230439829107293
0.1308818898232329
0.13088188982324017
0.1308821709372375
0.13088217093798818
0.1292944327056925
0.11565405898992964
0.11584299049155637
0.11584298573590128
2.641079583008459E-6
5.1387844944418236E-14
1.889357719182874E-4
1.892874366772228E-4
1.8928743672046478E-4
1.919285759921241E-4
0.11584334166424293
0.11584334216302111
0.11584334215634956
1.9189166419728414E-4
1.9189166421738034E-4
1.9157314563119848E-4
1.915731455759419E-4
1.9157264760583003E-4
1.8893150837586808E-4
4.403099702137103E-14
6.200655002477124E-14
6.757292448462308E-14
3
2.0013450775361335E-12
1.8991791320560687E-7
1.85842174004102E-6
0.11069458745552671
0.11069460942414285
0.1106946094243946
0.11069461186012701
0.12213173176379143
0.12213173176248822
0.12213173176228828
0.12213170982078188
0.12213170982229261
0.12211661179855364
0.12197266243908877
0.11053554223490066
2.6366202839496397E-12
1.614585217318533E-14
1.899162934725278E-7
0.11067932145697085
0.11069275100480065
2.1970805378084564E-8
2.436729265486918E-9
0.0114371223389705
0.011437119902408555
2.489503940581671E-12
7.13767240050021E-13
3.4858431162922755E-13
1.5098025381579969E-5
1.588574698752046E-4
0.01159597767265368
0.012699376140619442
3.0339677377160325E-11
1.982622823099629E-12
0.10929190881236828
0.1106944194800251
1.5098054139980586E-5
2.4367516510070514E-9
2.4382814021196197E-9
0.011437119903062176
2.586369198002246E-12
2.750651673559463E-12
1.4723925593079955E-12
6.96625691581681E-13
2.1820569404801633E-12
1.621987013468174E-13
1.4209094160801976E-4
0.011595977642798187
0.01145221795710017
1.8991758262908077E-7
0.11055251818333955
0.00140270305044486
2.4680814742613518E-9
0.011437122339454993
0.011437119902481236
0.011437119904573157
2.1227261158556233E-12
1.6950256368855244E-12
7.561176517029036E-13
5.3114235813189106E-14
1.5269676750278741E-12
1.6059136330640067E-12
6.394623800884317E-13
1.4375944733491326E-4
0.011452217955870477
0.10929026224858772
0.1221315415458587
0.011579213582380057
0.01143711990327143
0.011437119902318972
2.510273110146126E-12
3.119571163163588E-13
2.673553522245808E-12
2.5142981233517772E-12
2.6848195773227377E-12
1.6797661961792738E-12
9.19704986365457E-13
1.5522031804810536E-12
1.304145191698042E-12
2.141478128224732E-12
0.011437119903507712
0.12211663100197948
0.012841469244090895
3.0246267339652525E-10
1.5998044605799103E-12
1.0880478826844331E-12
5.017013887907917E-13
1.598497666202496E-12
4.4668144555692793E-13
2.0593026573410303E-12
2.096935878815566E-12
4.0041647142084E-13
2.6794001081717017E-12
3.343152521955347E-13
1.6395051713331584E-12
1.1759511692053374E-12
0.011437119903403774
0.12211663100233597
1.51004908807707E-5
0.0012454896808290659
0.0012454894079808306
0.11053553979863016
0.001245489407845719
0.001245489409084299
0.0012454894075573963
2.068888373160546E-12
1.8355386026164135E-12
1.5793981234421849E-12
2.2424741233770864E-12
1.6771693146587671E-12
9.89436647555672E-13
1.6493651792793839E-12
0.011437119904315361
0.1221166310031268
0.11055064028695033
0.12197268191394392
0.12072719223323877
0.12072719223535737
0.12072717056622291
0.10930514868736463
0.1105355400708216
0.11053554006989424
0.11053554007180948
0.10929005066489772
2.7282268493966013E-10
1.3445769625204192E-12
1.92680587039E-12
2.6546827191901105E-12
0.01143711990395544
0.12211663103185069
0.12074415114455579
0.01143900056580438
1.6959183466149548E-5
1.698112456582346E-5
0.011454101026109074
0.011453910836633822
0.011453908401830295
0.011453908403686926
1.6766559092455775E-5
0.11055230635790152
0.11055230632578249
0.1093068171921679
0.10929005066403163
0.10929005039058586
4.277439077613914E-13
0.12213172932731672
0.011594311572969515
1.5719167186419448E-4
1.5718896485736038E-4
1.420909424914542E-4
1.422808553867121E-4
1.422832924471217E-4
1.4228329344279238E-4
0.011579422699773459
0.011579422700796593
1.4211288218793987E-4
0.001387602318423973
0.0012606094014807018
1.676680271040207E-5
0.10929171889602546
0.10929005039208989
0.12211663346662024
1.5100460321210168E-5
2.7458818481026716E-10
4.540253278354353E-13
1.3784872426009243E-12
8.00729868238636E-13
1.0996046173445476E-13
2.43690100943501E-9
2.4358647974922454E-9
0.011437312254234399
0.011437309819879065
1.4228085666447905E-4
0.0012457012931728119
0.001260609673441082
0.001262277878332262
0.11055063782201026
0.12211663103283904
1.5100731818938126E-5
1.436346756116117E-12
2.3060380707221517E-12
2.0181561540594706E-12
1.5027906850969534E-12
2.7362142178581288E-12
1.1332445415692404E-12
2.197396225638737E-12
2.4377790200507186E-9
0.011437122339773795
0.011579213279979697
0.011579403194442875
1.926547829902172E-7
1.6928828197472082E-6
0.1105523307047688
0.12211663103278785
1.510073265949569E-5
2.435856194480133E-9
8.940821478131106E-13
1.5641736057214575E-12
2.512943176146534E-12
1.8406791354633114E-12
1.0039539347790104E-12
1.546894263486632E-12
1.13574294941223E-12
2.7660573805847217E-12
1.994212276305673E-12
0.011579210843411963
0.01143731012176713
0.0012454894373017378
0.11055233070397402
0.12211663103301525
0.011453886704560276
2.4361533865463643E-9
1.2758441328648778E-12
1.3069478076057871E-12
3.4428586303360533E-13
1.0041518552825002E-13
1.0266375175712486E-12
1.516436019407076E-12
2.5910062148975524E-12
2.0109311637536226E-12
2.6554322508050202E-12
1.4209094148955265E-4
0.011437310092363824
0.11053553982800605
0.10930684129711078
0.11067784262512273
0.12198944847216023
0.011437122610227085
1.1626235307660846E-12
2.655349767158324E-12
1.9466556226418163E-12
7.592936311917976E-13
2.6243925884856263E-12
1.6227071212226087E-12
2.3435700925075082E-12
1.9046106873888374E-12
1.8586589158851363E-12
1.420909425999385E-4
0.012682799499457333
0.1219726816722291
1.6790936777560444E-5
1.8991535301106185E-7
0.11069441923747812
0.12211475337952406
0.0114371223386234
9.47510636271876E-13
6.813170852361873E-13
9.798407945151823E-13
2.285191349743382E-12
1.296532379522145E-12
1.6994189439093272E-12
2.0458800728026365E-12
0.0012454894096395055
0.001387580621746346
0.12197287182963924
0.12072719226409821
1.676899581371832E-5
1.899166084751221E-7
1.880361974365544E-6
0.1106927510043686
0.12211475337794557
0.10929005039171137
0.10929005039110126
1.1350581708889158E-12
6.880063645114524E-13
1.9049239128358836E-12
7.680845825150505E-13
0.0012454894081664334
0.00138758034730428
0.12086928344568387
0.12072738217980533
1.676896658320015E-5
1.676896398610286E-5
2.1852233879719172E-12
1.8991598450275525E-7
1.697838619910147E-5
0.012841681372305909
1.5886017776407937E-4
0.1093068169195223
0.10930681691874448
0.10930681691869168
1.509802288964661E-5
2.19416314492055E-8
0.11053556173833785
0.10943216327213366
0.12074229052823762
1.695890915706472E-5
1.6768965092878897E-5
9.775105458136267E-13
1.9707241466437553E-12
3.7597610292980446E-13
2.705925114660443E-12
0.012682821196857211
0.012824914843409934
0.0013876049963539537
0.0012455113493853598
0.11053723024399364
0.11055232826827617
0.11069441920689665
0.10944909777590621
0.011596167559521479
0.011454076648380511
1.923821006932349E-7
1.0559717208635826E-12
1.67316498220285E-12
1.9705498867743E-12
3.136052176398575E-13
1.0153978809163983E-12
5.686635844314559E-13
0.011437309849307877
0.011579403495512508
0.011579403496548719
0.011579403497621571
0.011579403495471383
0.01157940349589048
0.0114373125558455
0.011437122642034883
2.468030450094953E-9
2.43677756392869E-9
1.3010419290692403E-12
6.86534374391618E-13
6
0.019623833990606077
0.019623833991509597
0.019623833989315703
0.019623833989975654
0.01962383399170849
0.019623834044203682
0.022244669016561816
0.02224466901332107
0.1583390827974818
0.1583894707706055
0.1583896057482696
0.15838960575165806
0.15838960575075334
0.15838960574872793
0.15838960575236746
0.15801959651346587
0.0026291186925111363
0.13871538379018872
0.13871538379140316
0.13871538379123607
0.13871538378938977
0.13871538378860906
0.13871538373784145
0.13614493673945766
0.13614493673951067
5.0522952045109674E-5
2.798100978029354E-9
3.6998746869165873E-4
4.203754425956284E-4
4.203972088007499E-4
0.13877283255029077
0.15539158469987502
0.13609344231738732
0.13609344194459438
5.0387977048482116E-5
5.0387973769772266E-5
5.038797300671209E-5
5.038797234542E-5
5.0387974504639924E-5
5.038797217149539E-5
4.605838772934157E-12
2.7533569616359902E-12
4.2037544256594213E-4
4.203782402378096E-4
5.039077134237256E-5
0.02187468154983784
0.15796920854450786
0.01924678293901114
5.038797402221621E-5
5.038797347998428E-5
5.038797313788259E-5
4.056787239079548E-12
4.504779071413256E-12
4.843738424433087E-12
3.0664453326579434E-12
6.9280863036913E-14
3.3514188440732538E-12
5.038797362431978E-5
4.2037823877084295E-4
2.7984176000495068E-9
0.15796909528242478
0.15796922751500403
0.1360935741240491
2.7822427527881726E-12
2.0453714776734153E-12
5.068750186755216E-13
9.428489370574276E-13
4.86288038448907E-12
3.766152747274524E-12
1.2373391762611354E-12
2.9949430513606236E-12
1.4800185018652312E-12
8.051433021136765E-13
0.13876563636342176
0.13908537120534034
0.15796203170121978
0.15796922751473944
1.322360807938366E-7
7.72251194916419E-13
6.244224140826521E-14
4.608248373976663E-12
4.088899288887528E-12
4.834527987808475E-12
3.997923148103056E-12
2.7896513599136416E-12
1.3197909533183591E-12
1.7806163703776896E-12
0.002621806816635289
0.13871524876027655
0.13876577171360166
3.701228683144302E-4
0.019246650811919237
7.195820034110541E-6
2.9755767794627366E-12
3.54364423047631E-12
4.263945887205456E-12
1.9832271369799794E-12
5.796323632130651E-13
1.6344222081185005E-12
3.0164446882015924E-12
3.688580343998273E-12
3.739367922808223E-10
0.00262180681924662
0.002621806819099795
0.13609357697447008
4.205104686450704E-4
3.699875210733037E-4
0.01925384652613332
7.195765822728193E-6
3.1964519884524796E-12
3.378895866047165E-12
3.261908763180927E-12
3.224537995279773E-12
4.399594424992859E-12
3.941095354075495E-12
1.1814918439200897E-12
3.708381732284928E-10
9.722134897913745E-7
0.0026208346027949375
0.13609344479721014
0.13651395241304135
4.2039435857329826E-4
0.019246669680722403
0.019253846523712256
2.2273864131691736E-12
2.1556890192007792E-12
1.559545730740711E-12
1.9473158309234406E-12
7.953188573294494E-13
1.2468428207820976E-12
2.030387783009052E-12
3.353931480646934E-12
3.7106578199839904E-10
9.7184652573371E-7
0.002620834605927646
0.13614385168633533
4.205265427682591E-4
0.01924666967949379
0.019246650762416845
7.1768482628180166E-6
1.6478807132448227E-12
1.8986805548654857E-12
4.307833526746163E-12
4.63324804212006E-12
2.5028952377464403E-12
3.858085031373534E-12
4.66744288123126E-12
3.721123074153799E-10
9.718441692868568E-7
0.002621806449595816
0.002620834656767352
0.13614385168790952
3.7011965108210335E-4
0.019246650761124466
7.176846561742237E-6
7.176845180968177E-6
5.138576934762557E-13
2.7572376770441163E-12
2.3053928845934184E-12
1.1595887858436296E-12
9.128075190951278E-13
3.1933587451737623E-13
3.934374344819103E-12
3.7195334345873257E-10
9.7184682391249E-7
0.0026208346073279772
0.13609344199704
0.13651397127953313
3.7011964862281764E-4
0.01924665076061267
7.176846925499241E-6
4.776446593904644E-12
3.1425009235450068E-12
4.5293534011793045E-12
3.8491152656962115E-12
4.28668366138938E-12
2.9750114539139213E-12
2.8215186532717052E-12
1.8355847888367664E-12
9.722148795892625E-7
0.002621806447677722
0.002620834605218318
0.1364635805633878
4.205293370456772E-4
4.592865782858927E-13
0.019253827604068262
7.176845394764324E-6
3.1380130111986066E-12
1.0697519365506582E-12
2.2776391701414164E-12
3.920281917810913E-12
6.159419068977409E-13
2.138354018250115E-12
3.994194957384239E-12
9.722134754115873E-7
9.722156272801636E-7
0.002620834606920846
3.6998751876614756E-4
0.13651396853687153
5.039077133015019E-5
7.17684706215442E-6
0.01925382760240955
5.65597766409406E-13
3.97983111370553E-14
3.5522006699621814E-12
4.2988346990986365E-12
1.8813384589256226E-12
2.894669223707348E-12
6.581670705573627E-13
3.6270701648177083E-12
9.722145062978995E-7
3.708510192700168E-12
0.0026208346574973164
0.13651381743696073
0.13614398381512538
7.176847859408787E-6
0.019253827607120775
0.01924665076125942
9.900726500539347E-13
1.885510441344017E-12
2.4167669910058793E-12
4.635767247491305E-12
1.7168682173630814E-13
8.192579844552504E-13
4.449302293506659E-12
3.730470499570312E-10
9.72212540163111E-7
0.0026208346071974775
0.003041210092637464
0.13614398101946876
1.5390071185451188E-7
7.176846304934107E-6
0.019246650758010735
9.293869455512241E-13
9.78155386799327E-13
1.8800184726761542E-12
4.010657333459838E-12
2.808023575975386E-12
1.5358423535543896E-12
3.2035533273779842E-12
3.008424510203253E-12
9.722174611469216E-7
9.718454934721757E-7
0.0026208346053108885
0.13651381743272667
0.13609359304588417
2.8019535475116514E-9
7.17684782379146E-6
0.01924665075940524
1.9951518414083487E-12
9.859778307370274E-13
2.1831876695438695E-15
5.086405842124401E-13
3.1327101416174078E-12
2.2791923995448256E-12
3.693216565223748E-12
2.034188642652749E-12
9.722130739626613E-7
0.0026208346063642295
0.002990822072306415
0.1365139496176733
1.511053773945641E-7
2.8003229296395037E-9
7.176846794741098E-6
0.0192466507615578
2.6233852924183455E-12
2.5701748887879074E-12
1.0023004317144725E-12
3.311071587729967E-12
1.1495930701781216E-12
4.094229940737599E-12
2.7785692639155576E-12
1.0404541262325117E-12
0.0026218068177469153
0.0026208346069494484
4.205076704765566E-4
0.1361439621501548
2.1721372180638113E-8
2.797931082924455E-9
7.176847285128991E-6
0.019246650762368353
1.286211302247824E-12
4.059371945756195E-13
2.9479731987339656E-12
7.706502254314667E-13
4.741131183848364E-12
1.876277920254397E-12
3.4487118848810073E-12
0.0026208346062880027
0.002621806815612207
1.321848511735622E-7
0.13651394961576666
0.13609346086430343
2.1720001545264575E-8
5.37443738774803E-13
0.019253827603175597
0.01924665075944879
2.8104574203468888E-12
4.773167455255319E-12
3.8708173979909394E-12
3.0575667748243538E-12
2.2806671411952426E-12
1.2874435778134056E-13
3.0297913089693226E-12
3.7277716295377454E-10
3.711381446342811E-10
4.373124075331107E-12
5.0388027473783346E-5
2.3196825420847438E-12
1.3356175502229295E-12
0.019253827603383945
0.019253827605982293
4.7713327621761766E-12
3.858615997725118E-12
1.8344787810362853E-12
3.971124222135428E-12
1.3343282297913264E-12
5.422058785892478E-13
3.4834110664617285E-13
3.750291111989709E-12
7
1.5290761667876893E-9
2.3845011624334694E-9
2.1415066831757326E-9
7.217593195333429E-4
8.434847154021569E-4
7.222173885074824E-4
0.02950057651847841
0.029500653114717182
0.028778438299355665
0.028778363689312986
0.174174384817398
0.004507597825578597
1.8271743933678574E-5
1.0545469700764354E-10
5.528960658918392E-9
4.411986823634534E-10
4.684437836451119E-9
0.0295001218723987
0.02950012118252449
0.028900548055015726
0.02890054930692568
0.028778825974514293
1.8346757809979336E-5
0.005227075088337533
0.004504865775836345
0.20295274787289944
0.17417720233456924
2.818194248244665E-6
4.927511708761111E-9
7.028288822274205E-9
6.0583344126124615E-9
6.943157584908238E-9
0.028778369280872088
0.029500577269953858
4.5850437277704443E-7
1.2218331268900887E-4
1.2172709898196815E-4
1.82700980583543E-5
0.004507674212359666
0.0052115443800152626
0.16967248471552376
0.19845077616108386
0.17417438958347603
2.8143047418138013E-6
1.796602316645597E-9
2.3538403202741425E-9
3.7303528052147915E-9
1.0688202651441442E-9
0.02950057893302272
4.6289696728916625E-7
1.2172940890444684E-4
1.4281151390676465E-4
2.1087993464406382E-5
0.004629396153273994
0.17415619414617872
0.17039181562586503
0.1696696762350376
0.028778363835487392
0.17417719992377975
2.818937975255945E-6
5.110824711640009E-9
2.408904603556256E-9
2.420694579303619E-9
2.5559636835950777E-9
0.02950057715429441
0.16981240527790833
0.16981240807428302
0.16968786904602795
0.16966960092834127
0.17427791053214095
5.241506794389194E-9
7.222141197811389E-4
8.017874968655703E-8
0.028778366724564935
0.17417720248556498
3.4101167728167316E-9
3.2745324386236488E-9
1.4363444414471913E-10
5.187779668825401E-9
1.105211003202148E-9
0.17053416430256216
1.428111537782704E-4
9.991127332905442E-10
0.004486592176602544
0.004486591595647348
0.0046083161812950964
4.285231947982961E-10
7.222190487019729E-4
7.218312722146058E-4
0.02877836530945009
0.17417720105011697
3.946725928252035E-9
1.409922445868083E-9
1.0310851547442521E-9
2.5854125482740357E-10
2.284391564370224E-9
8.463652269908321E-4
7.814594959102945E-8
0.004486596001822984
0.004486520239438801
3.2474857904914524E-9
1.21728338330129E-4
1.92618822179134E-9
4.6261951002303397E-7
7.222873306970197E-4
0.028778369594442722
0.1741771975228263
6.252901529860646E-9
1.0919866245811478E-9
6.1026678369208635E-9
4.640818780741532E-9
6.673428321022969E-9
0.004489334428368594
0.004486517820377809
5.467752099992719E-9
2.59754004890253E-9
1.530861516457038E-11
1.2172757867894749E-4
3.861697265407465E-9
1.6202938129944122E-9
7.222902408273537E-4
0.028778820940594998
0.17417719666150142
4.3838557119173525E-9
1.4027903874771934E-9
3.079906986501884E-9
3.996627545806297E-9
4.7255759908254546E-9
4.558286786807696E-9
3.804338117370355E-10
5.679156431625684E-9
1.9380223901665904E-9
1.602717211379902E-9
3.4212036002913045E-9
1.2172618953049367E-4
6.702143271068291E-9
7.218341521954493E-4
0.02950057842637517
0.17417719779818908
1.8271685234808828E-5
1.8273193889676144E-5
5.047457890643474E-9
3.4472474634690353E-10
5.274537108687437E-9
5.2965930185728306E-9
3.271569288726059E-9
1.6222139911649676E-9
6.886492451665929E-9
4.311869472658785E-9
5.391416443117007E-9
1.2172955495226514E-4
7.100019126349149E-10
8.019588993152543E-8
0.02950057885823539
0.1748811389754213
4.1463890212000306E-9
1.8276889148549183E-5
3.988886464387696E-9
6.226728010973574E-9
8.680110859660742E-10
2.058539051361722E-9
3.4703313067753834E-9
4.6229355752266615E-9
4.0249357271825167E-10
4.850334283527488E-9
1.2733913923050497E-9
1.2172812690701206E-4
3.299035623997714E-9
7.980290734271906E-8
0.028778368355467078
0.17488114327647258
7.217557906487513E-4
1.8274688916251325E-5
5.509534501511213E-10
3.2663147943626234E-9
2.606173627545976E-9
5.952525942374333E-9
1.5077965094948911E-9
6.25600499372065E-9
1.5227248673145437E-9
3.836672099948471E-9
1.7529450143431254E-9
1.2172648121918843E-4
1.2172417784960843E-4
7.452321920724477E-8
0.028778364959447075
0.1741593858616296
7.217603325226423E-4
7.400281253900503E-4
6.0451465657086356E-9
4.971811391785024E-9
4.634779775129759E-9
1.8610973548448203E-9
6.058921212779954E-9
3.222215887797958E-9
2.966856735662081E-9
3.731054777420891E-9
1.961423660227225E-9
3.191091904249345E-9
1.2172441541384543E-4
1.2180055581555098E-4
0.028778364834859675
0.1741593842847641
6.329309657606786E-9
7.400298515192153E-4
5.9287448215461196E-9
5.04194360759324E-9
3.799575129642234E-9
1.918073886127862E-9
3.593884566515915E-9
1.8590879980343922E-9
6.601866283768019E-10
4.776827626601822E-9
2.3452612918205315E-9
2.0852987188027647E-9
3.815562684764561E-9
1.2180257184698037E-4
0.028900087266502304
0.1741593882762834
4.6181957025604617E-7
7.400301932488049E-4
3.1002927458356025E-9
1.2277348242942703E-9
6.329816956928862E-9
6.452518867874994E-9
1.5685061993348347E-9
5.870565435228754E-9
4.010067559506836E-9
2.538919561744121E-9
3.565738189355435E-9
9.399078458895425E-10
6.045687905441821E-9
1.6530958824883537E-9
0.02890016495061026
0.17415892711067993
3.2744046075382876E-6
7.400310010277466E-4
1.1591735106336997E-9
5.102916381589772E-9
3.621374247244652E-9
5.078035982791502E-9
5.30343043920625E-9
5.205326280294932E-9
1.8347740822048371E-9
4.968630561561825E-9
5.302781773637819E-10
3.2407416421563883E-9
2.0746694838019702E-9
4.226267969581136E-10
0.02877844205332853
0.1742778379105214
0.16967287462807035
7.400258350479781E-4
2.933295901656565E-9
5.469701111243085E-9
6.767044918333421E-9
7.1696823845060315E-9
3.856087029404692E-9
5.528661191930518E-9
2.279679724911941E-9
8.6258981097578E-10
6.56622006320519E-10
7.1344761247766335E-9
3.6696329571602685E-9
8.494561242445863E-11
0.02877843826945734
0.03338660329327206
0.16967286865179024
7.400315277337498E-4
6.3453662326253144E-9
3.734800544602726E-9
7.1555882145823355E-9
4.9090508199469914E-9
4.330391468820361E-9
1.4684763382173432E-9
6.870439476991421E-9
5.222577198634002E-9
5.409486156909037E-9
6.41638566444765E-9
4.999268794827782E-9
5.408188267344756E-9
7.41336829340957E-8
0.033386604403781175
0.16967286888989386
0.17040962479870533
1.2036519244242404E-9
2.920803566059865E-9
2.989784270465659E-9
1.57602152618961E-9
3.461114266745495E-9
4.798486873552421E-9
1.1789984396049415E-9
5.806841716898305E-9
1.7264748731580136E-9
4.320888527790535E-9
4.2525474886050424E-10
1.1711190511399571E-9
7.755542589850722E-8
0.03338660236335127
0.004489786760813333
7.43297069367691E-4
2.8187243453661663E-6
4.1015018201698415E-9
2.0758852133170326E-9
1.0959268461273604E-9
4.6417819828051044E-10
2.0519146981132424E-9
1.547387740299958E-9
9.25903259003263E-10
2.778207484733074E-9
6.699370866257684E-10
1.873454341905924E-9
2.5726349757642E-9
7.758418539409947E-8
1.218011316658615E-4
0.004486515911875189
0.005226541762364736
2.2835901164996268E-10
6.675253656039132E-9
4.47036238830652E-9
1